,building_construction_year,building_total_floors,apartment_floor,apartment_rooms,apartment_bedrooms,apartment_bathrooms,price_in_USD
building_construction_year,1.0,0.09665849047049893,0.08504303938309364,-0.053854335621214354,-0.04184498343978766,-0.0220952709756247,0.0006166333229914851
building_total_floors,0.09665849047049893,1.0,0.7097393520938109,-0.1254199732653764,-0.09449280015655928,-0.030827579176771515,-0.024753553957774746
apartment_floor,0.08504303938309364,0.7097393520938109,1.0,-0.10577070396382961,-0.04598172754756253,-0.026765523866382195,-0.009395112942837769
apartment_rooms,-0.053854335621214354,-0.1254199732653764,-0.10577070396382961,1.0,0.7204811089497664,0.4526767720881466,0.27950638465995964
apartment_bedrooms,-0.04184498343978766,-0.09449280015655928,-0.04598172754756253,0.7204811089497664,1.0,0.04819457825524572,0.017440905156658935
apartment_bathrooms,-0.0220952709756247,-0.030827579176771515,-0.026765523866382195,0.4526767720881466,0.04819457825524572,1.0,0.4198408850889264
price_in_USD,0.0006166333229914851,-0.024753553957774746,-0.009395112942837769,0.27950638465995964,0.017440905156658935,0.4198408850889264,1.0
